0.26937 0.11551 0.09248
0.27630 0.11497 0.09119
0.28325 0.11432 0.08983
0.29019 0.11358 0.08841
0.29715 0.11272 0.08693
0.30407 0.11178 0.08542
0.31100 0.11074 0.08384
0.31788 0.10963 0.08226
0.32476 0.10840 0.08063
0.33157 0.10714 0.07902
0.33838 0.10577 0.07736
0.34510 0.10438 0.07575
0.35181 0.10288 0.07409
0.35842 0.10139 0.07251
0.36502 0.09980 0.07090
0.37150 0.09826 0.06939
0.37796 0.09662 0.06785
0.38430 0.09507 0.06644
0.39061 0.09342 0.06501
0.39678 0.09190 0.06373
0.40294 0.09029 0.06245
0.40894 0.08886 0.06134
0.41492 0.08736 0.06022
0.42074 0.08606 0.05930
0.42654 0.08472 0.05838
0.43217 0.08362 0.05768
0.43779 0.08249 0.05698
0.44323 0.08165 0.05652
0.44866 0.08079 0.05606
0.45393 0.08024 0.05584
0.45917 0.07969 0.05564
0.46426 0.07948 0.05567
0.46932 0.07928 0.05573
0.47424 0.07943 0.05602
0.47913 0.07960 0.05633
0.48388 0.08011 0.05687
0.48861 0.08065 0.05743
0.49321 0.08152 0.05820
0.49779 0.08242 0.05900
0.50225 0.08362 0.05999
0.50669 0.08486 0.06100
0.51102 0.08637 0.06219
0.51534 0.08791 0.06339
0.51956 0.08968 0.06476
0.52377 0.09148 0.06614
0.52789 0.09347 0.06765
0.53201 0.09549 0.06918
0.53604 0.09767 0.07083
0.54007 0.09986 0.07248
0.54404 0.10219 0.07423
0.54800 0.10452 0.07599
0.55191 0.10695 0.07783
0.55582 0.10939 0.07968
0.55968 0.11191 0.08158
0.56354 0.11442 0.08350
0.56736 0.11699 0.08546
0.57118 0.11956 0.08742
0.57498 0.12217 0.08942
0.57878 0.12477 0.09142
0.58255 0.12740 0.09345
0.58633 0.13001 0.09548
0.59009 0.13265 0.09753
0.59386 0.13527 0.09957
0.59762 0.13789 0.10163
0.60138 0.14051 0.10368
0.60513 0.14312 0.10575
0.60889 0.14572 0.10780
0.61266 0.14832 0.10986
0.61642 0.15090 0.11191
0.62019 0.15347 0.11396
0.62397 0.15602 0.11600
0.62775 0.15857 0.11804
0.63154 0.16109 0.12007
0.63533 0.16360 0.12209
0.63914 0.16609 0.12410
0.64296 0.16857 0.12611
0.64678 0.17102 0.12810
0.65062 0.17346 0.13008
0.65448 0.17587 0.13204
0.65834 0.17827 0.13400
0.66222 0.18064 0.13594
0.66611 0.18300 0.13786
0.67002 0.18533 0.13977
0.67394 0.18765 0.14167
0.67788 0.18994 0.14355
0.68184 0.19221 0.14541
0.68581 0.19445 0.14726
0.68980 0.19668 0.14909
0.69381 0.19888 0.15091
0.69784 0.20106 0.15270
0.70188 0.20322 0.15448
0.70595 0.20536 0.15625
0.71003 0.20747 0.15799
0.71413 0.20957 0.15972
0.71825 0.21164 0.16144
0.72238 0.21370 0.16314
0.72638 0.21615 0.16330
0.73011 0.21929 0.16087
0.73385 0.22242 0.15838
0.73758 0.22556 0.15582
0.74131 0.22870 0.15319
0.74495 0.23196 0.15062
0.74858 0.23523 0.14799
0.75220 0.23852 0.14530
0.75581 0.24182 0.14255
0.75940 0.24512 0.13973
0.76299 0.24845 0.13684
0.76655 0.25179 0.13389
0.77010 0.25515 0.13087
0.77363 0.25854 0.12778
0.77713 0.26195 0.12463
0.78061 0.26540 0.12141
0.78407 0.26887 0.11813
0.78749 0.27238 0.11478
0.79088 0.27593 0.11137
0.79423 0.27952 0.10789
0.79754 0.28315 0.10435
0.80082 0.28682 0.10075
0.80405 0.29054 0.09709
0.80724 0.29431 0.09337
0.81038 0.29813 0.08959
0.81347 0.30200 0.08575
0.81652 0.30592 0.08186
0.81950 0.30989 0.07790
0.82244 0.31392 0.07389
0.82532 0.31799 0.06982
0.82815 0.32212 0.06570
0.83092 0.32630 0.06152
0.83363 0.33053 0.05727
0.83628 0.33481 0.05296
0.83888 0.33914 0.04859
0.84142 0.34352 0.04414
0.84391 0.34794 0.03959
0.84633 0.35240 0.03511
0.84871 0.35690 0.03084
0.85103 0.36144 0.02679
0.85330 0.36602 0.02296
0.85552 0.37063 0.01935
0.85769 0.37527 0.01594
0.85981 0.37994 0.01274
0.86189 0.38463 0.00975
0.86392 0.38935 0.00695
0.86592 0.39409 0.00434
0.86788 0.39884 0.00193
0.86980 0.40361 0.00000
0.87168 0.40840 0.00000
0.87354 0.41319 0.00000
0.87536 0.41800 0.00000
0.87716 0.42281 0.00000
0.87893 0.42763 0.00000
0.88068 0.43245 0.00000
0.88241 0.43727 0.00000
0.88412 0.44209 0.00000
0.88581 0.44692 0.00000
0.88748 0.45174 0.00000
0.88914 0.45656 0.00000
0.89079 0.46137 0.00000
0.89242 0.46619 0.00000
0.89404 0.47100 0.00000
0.89565 0.47581 0.00000
0.89725 0.48061 0.00000
0.89884 0.48540 0.00000
0.90043 0.49020 0.00000
0.90200 0.49499 0.00000
0.90357 0.49977 0.00000
0.90513 0.50455 0.00000
0.90668 0.50933 0.00000
0.90823 0.51410 0.00000
0.90977 0.51887 0.00000
0.91130 0.52364 0.00000
0.91282 0.52841 0.00000
0.91434 0.53317 0.00000
0.91584 0.53794 0.00000
0.91734 0.54270 0.00000
0.91883 0.54746 0.00000
0.92031 0.55223 0.00000
0.92178 0.55699 0.00000
0.92324 0.56176 0.00000
0.92468 0.56653 0.00000
0.92612 0.57130 0.00000
0.92754 0.57608 0.00000
0.92895 0.58086 0.00000
0.93034 0.58565 0.00000
0.93172 0.59044 0.00000
0.93308 0.59524 0.00000
0.93443 0.60004 0.00000
0.93576 0.60485 0.00000
0.93707 0.60967 0.00000
0.93836 0.61450 0.00000
0.93963 0.61934 0.00000
0.94087 0.62419 0.00000
0.94209 0.62904 0.00000
0.94329 0.63391 0.00169
0.94446 0.63879 0.00443
0.94560 0.64369 0.00755
0.94672 0.64859 0.01090
0.94780 0.65351 0.01473
0.94885 0.65845 0.01883
0.94986 0.66340 0.02353
0.95085 0.66836 0.02854
0.95178 0.67334 0.03429
0.95269 0.67834 0.04043
0.95354 0.68336 0.04703
0.95436 0.68839 0.05345
0.95512 0.69345 0.06024
0.95585 0.69852 0.06688
0.95649 0.70362 0.07395
0.95712 0.70873 0.08089
0.95765 0.71387 0.08832
0.95815 0.71902 0.09564
0.95856 0.72421 0.10349
0.95894 0.72940 0.11124
0.95921 0.73463 0.11958
0.95946 0.73987 0.12781
0.95958 0.74514 0.13667
0.95968 0.75042 0.14542
0.95966 0.75574 0.15485
0.95961 0.76105 0.16417
0.95943 0.76641 0.17419
0.95923 0.77176 0.18411
0.95889 0.77714 0.19475
0.95854 0.78252 0.20529
0.95805 0.78792 0.21656
0.95755 0.79331 0.22774
0.95964 0.79740 0.23921
0.96211 0.80131 0.25050
0.96442 0.80526 0.26248
0.96672 0.80923 0.27434
0.96885 0.81325 0.28688
0.97091 0.81729 0.29966
0.97276 0.82139 0.31328
0.97460 0.82550 0.32680
0.97627 0.82965 0.34094
0.97793 0.83380 0.35498
0.97942 0.83800 0.36961
0.98090 0.84219 0.38414
0.98224 0.84642 0.39922
0.98356 0.85065 0.41421
0.98474 0.85490 0.42969
0.98592 0.85916 0.44509
0.98697 0.86343 0.46091
0.98802 0.86769 0.47665
0.98897 0.87197 0.49275
0.98992 0.87624 0.50877
0.99078 0.88051 0.52507
0.99166 0.88478 0.54128
0.99247 0.88904 0.55770
0.99330 0.89329 0.57402
0.99409 0.89754 0.59048
0.99490 0.90177 0.60683
0.99569 0.90599 0.62325
0.99651 0.91019 0.63954
0.99734 0.91439 0.65583
0.99820 0.91856 0.67199
0.99908 0.92273 0.68809
1.00000 0.92687 0.70405
