0.3033719 0.0600380 0.1678207 1.0000000
0.3080584 0.0610803 0.1691232 1.0000000
0.3127375 0.0621196 0.1704225 1.0000000
0.3174085 0.0631579 0.1717203 1.0000000
0.3220723 0.0641942 0.1730157 1.0000000
0.3267290 0.0652289 0.1743091 1.0000000
0.3315746 0.0659359 0.1754324 1.0000000
0.3371362 0.0654085 0.1759248 1.0000000
0.3427599 0.0647173 0.1763207 1.0000000
0.3484490 0.0638463 0.1766149 1.0000000
0.3541541 0.0628682 0.1768723 1.0000000
0.3598040 0.0619215 0.1771356 1.0000000
0.3653667 0.0610791 0.1774256 1.0000000
0.3709447 0.0601352 0.1776822 1.0000000
0.3764969 0.0591745 0.1779313 1.0000000
0.3819508 0.0583633 0.1782197 1.0000000
0.3874189 0.0574558 0.1784774 1.0000000
0.3928933 0.0564663 0.1787101 1.0000000
0.3982528 0.0556882 0.1789987 1.0000000
0.4036260 0.0548184 0.1792590 1.0000000
0.4090128 0.0538518 0.1794911 1.0000000
0.4143151 0.0530443 0.1797641 1.0000000
0.4196058 0.0522130 0.1800280 1.0000000
0.4249096 0.0512895 0.1802657 1.0000000
0.4301724 0.0504237 0.1805172 1.0000000
0.4353916 0.0496311 0.1807853 1.0000000
0.4406233 0.0487505 0.1810290 1.0000000
0.4458538 0.0478192 0.1812588 1.0000000
0.4510109 0.0470654 0.1815317 1.0000000
0.4561800 0.0462274 0.1817815 1.0000000
0.4613611 0.0453003 0.1820084 1.0000000
0.4664870 0.0445098 0.1822677 1.0000000
0.4716018 0.0437139 0.1825239 1.0000000
0.4767282 0.0428326 0.1827585 1.0000000
0.4818395 0.0419599 0.1829943 1.0000000
0.4869067 0.0412083 0.1832568 1.0000000
0.4919850 0.0403737 0.1834989 1.0000000
0.4970747 0.0394455 0.1837204 1.0000000
0.5021146 0.0386831 0.1839811 1.0000000
0.5071567 0.0378849 0.1842308 1.0000000
0.5122097 0.0370147 0.1844609 1.0000000
0.5172494 0.0361713 0.1846978 1.0000000
0.5222634 0.0354086 0.1849550 1.0000000
0.5272881 0.0345774 0.1851936 1.0000000
0.5323237 0.0336763 0.1854136 1.0000000
0.5373187 0.0329255 0.1856724 1.0000000
0.5423193 0.0321306 0.1859190 1.0000000
0.5473305 0.0312691 0.1861479 1.0000000
0.5523310 0.0304350 0.1863837 1.0000000
0.5573112 0.0296738 0.1866379 1.0000000
0.5623018 0.0288491 0.1868752 1.0000000
0.5673029 0.0279594 0.1870954 1.0000000
0.5722709 0.0272067 0.1873510 1.0000000
0.5772443 0.0264161 0.1875962 1.0000000
0.5822281 0.0255635 0.1878252 1.0000000
0.5872052 0.0247293 0.1880589 1.0000000
0.5921645 0.0239704 0.1883116 1.0000000
0.5971340 0.0231521 0.1885487 1.0000000
0.6021138 0.0222731 0.1887701 1.0000000
0.6070681 0.0215121 0.1890219 1.0000000
0.6120262 0.0207256 0.1892668 1.0000000
0.6169945 0.0198809 0.1894966 1.0000000
0.6219606 0.0190416 0.1897278 1.0000000
0.6269099 0.0182846 0.1899800 1.0000000
0.6318693 0.0174717 0.1902177 1.0000000
0.6368390 0.0166018 0.1904408 1.0000000
0.6417899 0.0158296 0.1906891 1.0000000
0.6467428 0.0150461 0.1909343 1.0000000
0.6517059 0.0142077 0.1911654 1.0000000
0.6566706 0.0133612 0.1913947 1.0000000
0.6616194 0.0126049 0.1916469 1.0000000
0.6665782 0.0117957 0.1918856 1.0000000
0.6715472 0.0109326 0.1921107 1.0000000
0.6765031 0.0101488 0.1923561 1.0000000
0.6814597 0.0093667 0.1926019 1.0000000
0.6864265 0.0085325 0.1928346 1.0000000
0.6913978 0.0076786 0.1930625 1.0000000
0.6963542 0.0069214 0.1933151 1.0000000
0.7013207 0.0061140 0.1935549 1.0000000
0.7062974 0.0052553 0.1937820 1.0000000
0.7112653 0.0044609 0.1940257 1.0000000
0.7162333 0.0036782 0.1942723 1.0000000
0.7212115 0.0028459 0.1945066 1.0000000
0.7261937 0.0019978 0.1947475 1.0000000
0.7311450 0.0013293 0.1951003 1.0000000
0.7361062 0.0006159 0.1954421 1.0000000
0.7409066 0.0006999 0.1965377 1.0000000
0.7454824 0.0019201 0.1986731 1.0000000
0.7500656 0.0031423 0.2008119 1.0000000
0.7546561 0.0043665 0.2029541 1.0000000
0.7592541 0.0055928 0.2050999 1.0000000
0.7638595 0.0068208 0.2072490 1.0000000
0.7684724 0.0080508 0.2094017 1.0000000
0.7730929 0.0092829 0.2115579 1.0000000
0.7777208 0.0105171 0.2137176 1.0000000
0.7823564 0.0117533 0.2158809 1.0000000
0.7869995 0.0129915 0.2180477 1.0000000
0.7916504 0.0142317 0.2202181 1.0000000
0.7962751 0.0161398 0.2217119 1.0000000
0.8004333 0.0272662 0.2138426 1.0000000
0.8044804 0.0404924 0.2038135 1.0000000
0.8083743 0.0532544 0.1941648 1.0000000
0.8120499 0.0652651 0.1850600 1.0000000
0.8155331 0.0766624 0.1764355 1.0000000
0.8188536 0.0875115 0.1682158 1.0000000
0.8220361 0.0978689 0.1603338 1.0000000
0.8251015 0.1077851 0.1527293 1.0000000
0.8280565 0.1173342 0.1453878 1.0000000
0.8308786 0.1266470 0.1384309 1.0000000
0.8336276 0.1356142 0.1316304 1.0000000
0.8363134 0.1442718 0.1249390 1.0000000
0.8388973 0.1527528 0.1185677 1.0000000
0.8414196 0.1609970 0.1123415 1.0000000
0.8439025 0.1689943 0.1061250 1.0000000
0.8462943 0.1768720 0.1002684 1.0000000
0.8486523 0.1845423 0.0944226 1.0000000
0.8509649 0.1920497 0.0886596 1.0000000
0.8532167 0.1994349 0.0831488 1.0000000
0.8554521 0.2066445 0.0774993 1.0000000
0.8576172 0.2137727 0.0722592 1.0000000
0.8597693 0.2207483 0.0668603 1.0000000
0.8618726 0.2276326 0.0617162 1.0000000
0.8639533 0.2344000 0.0565364 1.0000000
0.8659994 0.2410754 0.0514881 1.0000000
0.8680188 0.2476565 0.0464985 1.0000000
0.8700122 0.2541506 0.0415540 1.0000000
0.8719796 0.2605689 0.0365635 1.0000000
0.8739269 0.2669106 0.0317309 1.0000000
0.8758512 0.2731892 0.0269709 1.0000000
0.8777581 0.2794017 0.0222390 1.0000000
0.8796451 0.2855557 0.0175686 1.0000000
0.8815151 0.2916517 0.0129333 1.0000000
0.8833688 0.2976921 0.0083381 1.0000000
0.8852047 0.3036826 0.0037956 1.0000000
0.8874371 0.3090155 0.0004161 1.0000000
0.8906431 0.3128749 0.0000001 1.0000000
0.8939890 0.3165249 0.0000000 1.0000000
0.8973341 0.3201742 0.0000001 1.0000000
0.9006786 0.3238228 0.0000001 1.0000000
0.9040228 0.3274711 0.0000001 1.0000000
0.9073667 0.3311189 0.0000001 1.0000000
0.9107104 0.3347666 0.0000000 1.0000000
0.9140542 0.3384142 0.0000001 1.0000000
0.9173979 0.3420621 0.0000001 1.0000000
0.9207420 0.3457101 0.0000001 1.0000000
0.9240863 0.3493585 0.0000001 1.0000000
0.9274312 0.3530073 0.0000000 1.0000000
0.9287341 0.3592273 0.0000059 1.0000000
0.9276829 0.3682589 0.0000057 1.0000000
0.9262224 0.3775785 0.0000103 1.0000000
0.9247983 0.3866492 0.0000136 1.0000000
0.9233926 0.3955104 0.0000034 1.0000000
0.9220507 0.4041275 0.0000168 1.0000000
0.9207078 0.4125872 0.0000054 1.0000000
0.9194208 0.4208408 0.0000173 1.0000000
0.9181384 0.4289539 0.0000112 1.0000000
0.9168929 0.4369031 0.0000168 1.0000000
0.9156608 0.4447214 0.0000146 1.0000000
0.9144537 0.4524054 0.0000167 1.0000000
0.9132632 0.4599707 0.0000162 1.0000000
0.9120922 0.4674211 0.0000175 1.0000000
0.9109355 0.4747675 0.0000163 1.0000000
0.9097987 0.4820106 0.0000195 1.0000000
0.9086691 0.4891666 0.0000148 1.0000000
0.9075651 0.4962244 0.0000222 1.0000000
0.9064561 0.5032140 0.0000110 1.0000000
0.9053838 0.5101049 0.0000251 1.0000000
0.9042896 0.5169486 0.0000041 1.0000000
0.9032484 0.5236885 0.0000270 1.0000000
0.9021766 0.5303938 0.0000065 1.0000000
0.9011528 0.5370064 0.0000269 1.0000000
0.9001110 0.5435797 0.0000176 1.0000000
0.8990914 0.5500859 0.0000230 1.0000000
0.8980794 0.5565384 0.0000274 1.0000000
0.8970592 0.5629507 0.0000128 1.0000000
0.8960768 0.5692923 0.0000341 1.0000000
0.8950624 0.5756142 0.0000064 1.0000000
0.8940986 0.5818611 0.0000350 1.0000000
0.8931134 0.5880843 0.0000262 1.0000000
0.8921405 0.5942624 0.0000263 1.0000000
0.8911844 0.6003944 0.0000411 1.0000000
0.8901988 0.6065120 0.0000023 1.0000000
0.8892716 0.6125594 0.0000466 1.0000000
0.8883122 0.6185969 0.0000293 1.0000000
0.8873715 0.6245927 0.0000365 1.0000000
0.8864410 0.6305540 0.0000521 1.0000000
0.8854807 0.6365063 0.0000029 1.0000000
0.8845790 0.6423968 0.0000590 1.0000000
0.8836446 0.6482821 0.0000406 1.0000000
0.8827231 0.6541357 0.0000413 1.0000000
0.8818177 0.6599568 0.0000678 1.0000000
0.8808791 0.6657751 0.0000099 1.0000000
0.8799939 0.6715414 0.0000691 1.0000000
0.8790845 0.6773014 0.0000611 1.0000000
0.8781706 0.6830443 0.0000338 1.0000000
0.8772903 0.6887499 0.0000846 1.0000000
0.8763763 0.6944561 0.0000374 1.0000000
0.8752465 0.7002474 0.0010546 1.0000000
0.8694804 0.7065997 0.1384556 1.0000000
0.8693369 0.7117127 0.1451166 1.0000000
0.8691955 0.7168137 0.1517782 1.0000000
0.8690555 0.7219037 0.1584340 1.0000000
0.8689150 0.7269844 0.1650712 1.0000000
0.8687741 0.7320564 0.1716915 1.0000000
0.8686327 0.7371199 0.1782963 1.0000000
0.8684909 0.7421755 0.1848868 1.0000000
0.8683506 0.7472223 0.1914748 1.0000000
0.8682121 0.7522606 0.1980606 1.0000000
0.8680729 0.7572922 0.2046329 1.0000000
0.8679333 0.7623175 0.2111927 1.0000000
0.8677931 0.7673369 0.2177411 1.0000000
0.8676524 0.7723507 0.2242791 1.0000000
0.8675138 0.7773578 0.2308182 1.0000000
0.8673760 0.7823592 0.2373533 1.0000000
0.8672836 0.7873179 0.2444306 1.0000000
0.8674586 0.7920487 0.2546723 1.0000000
0.8678701 0.7965740 0.2676178 1.0000000
0.8682805 0.8010874 0.2805341 1.0000000
0.8686893 0.8055892 0.2934373 1.0000000
0.8690973 0.8100806 0.3063016 1.0000000
0.8695048 0.8145619 0.3191303 1.0000000
0.8699118 0.8190336 0.3319261 1.0000000
0.8703174 0.8234960 0.3447046 1.0000000
0.8707215 0.8279497 0.3574644 1.0000000
0.8711253 0.8323950 0.3701955 1.0000000
0.8715289 0.8368325 0.3828999 1.0000000
0.8719323 0.8412625 0.3955796 1.0000000
0.8723344 0.8456853 0.4082444 1.0000000
0.8727348 0.8501016 0.4208953 1.0000000
0.8731352 0.8545115 0.4335245 1.0000000
0.8735357 0.8589153 0.4461340 1.0000000
0.8739363 0.8633133 0.4587249 1.0000000
0.8743366 0.8677059 0.4713007 1.0000000
0.8747339 0.8720941 0.4838704 1.0000000
0.8762286 0.8762309 0.4932625 1.0000000
0.8798803 0.8798895 0.4964582 1.0000000
0.8835418 0.8835575 0.4996629 1.0000000
0.8872130 0.8872352 0.5028766 1.0000000
0.8908941 0.8909225 0.5060995 1.0000000
0.8945851 0.8946195 0.5093315 1.0000000
0.8982861 0.8983262 0.5125728 1.0000000
0.9019971 0.9020428 0.5158234 1.0000000
0.9057182 0.9057693 0.5190834 1.0000000
0.9094494 0.9095057 0.5223527 1.0000000
0.9131909 0.9132522 0.5256316 1.0000000
0.9169427 0.9170087 0.5289200 1.0000000
0.9207048 0.9207754 0.5322180 1.0000000
0.9244773 0.9245523 0.5355257 1.0000000
0.9282603 0.9283395 0.5388431 1.0000000
0.9320539 0.9321370 0.5421703 1.0000000
0.9358581 0.9359449 0.5455074 1.0000000
0.9396729 0.9397633 0.5488544 1.0000000
0.9434985 0.9435922 0.5522114 1.0000000
0.9473349 0.9474317 0.5555784 1.0000000
0.9511822 0.9512819 0.5589555 1.0000000
0.9550404 0.9551429 0.5623429 1.0000000
